6
COX1_C_aureus     0.0000000 0.0412849 0.0421340 0.0428039 0.0427939 0.4578043 
COX1_C_latrans    0.0412849 0.0000000 0.0019577 0.0503959 0.0486181 0.4458896 
COX1_C_rufus      0.0421340 0.0019577 0.0000000 0.0512784 0.0494920 0.4523909 
COX1_C_familiaris 0.0428039 0.0503959 0.0512784 0.0000000 0.0039386 0.4541969 
COX1_C_lupus      0.0427939 0.0486181 0.0494920 0.0039386 0.0000000 0.4498631 
COX1_V_vulpes     0.4578043 0.4458896 0.4523909 0.4541969 0.4498631 0.0000000 
