6
COX1_C_aureus     0.0000000 0.0412850 0.0421341 0.0428039 0.0427940 0.4578256 
COX1_C_latrans    0.0412850 0.0000000 0.0019577 0.0503961 0.0486183 0.4459072 
COX1_C_rufus      0.0421341 0.0019577 0.0000000 0.0512786 0.0494921 0.4524084 
COX1_C_familiaris 0.0428039 0.0503961 0.0512786 0.0000000 0.0039386 0.4542162 
COX1_C_lupus      0.0427940 0.0486183 0.0494921 0.0039386 0.0000000 0.4498825 
COX1_V_vulpes     0.4578256 0.4459072 0.4524084 0.4542162 0.4498825 0.0000000 
