6
CytB_C_aureus     0.0000000 0.2692969 0.2720807 0.2621935 0.2508949 1.0420447 
CytB_C_latrans    0.2692969 0.0000000 0.0186178 0.2398805 0.2367652 1.1129084 
CytB_C_rufus      0.2720807 0.0186178 0.0000000 0.2351574 0.2320586 1.1203486 
CytB_C_familiaris 0.2621935 0.2398805 0.2351574 0.0000000 0.0105407 1.1686184 
CytB_C_lupus      0.2508949 0.2367652 0.2320586 0.0105407 0.0000000 1.1660221 
CytB_V_vulpes     1.0420447 1.1129084 1.1203486 1.1686184 1.1660221 0.0000000 
